33,147
33,146
33,145
33,144
33,143
33,142
33,141
33,140
33,139
33,138
0,487
33,137
33,136
33,135
33,134
33,133
33,132
33,131
33,130
0,486
0,485
0,484
0,481
0,479
0,478
0,476
33,129
33,0
0,475
0,473
0,471
35,10
35,9
0,470
0,324
35,11
34,7
34,6
61,35
33,4
25,4
25,1
25,3
24,4
24,1
24,3
3,2
3,1
3,3
10,145
10,155
10,293
10,281
10,131
10,237
10,231
11,22
11,24
11,21
11,26
11,14
11,9
11,2
11,3
8,10
8,8
8,2
8,3
12,2
12,1
12,3
20,2
20,1
20,3
35,12
35,8
19,2
19,1
35,7
35,6
35,5
35,4
35,3
19,3
35,1
34,8
34,5
34,4
34,3
34,1
33,255
33,254
33,194
33,153
33,128
33,123
33,122
33,121
33,120
33,119
33,118
33,117
33,116
33,115
33,114
33,113
33,112
33,111
33,110
33,109
33,108
33,107
33,106
33,105
33,104
33,103
33,102
33,101
33,100
33,99
33,98
33,97
33,96
33,95
33,94
33,93
33,92
33,91
33,90
33,89
33,88
33,87
33,86
33,85
33,84
33,83
33,82
33,81
33,80
33,79
33,78
33,77
33,76
33,75
33,74
33,73
33,72
33,71
33,70
33,69
